50
0 A152T283 15 3 2023 2 9 2023
1 Y253N433 1 1 2023 15 9 2023
2 J126K375 17 12 2023 24 7 2023
3 R266S465 22 4 2023 2 9 2023
4 Q403Z246 7 12 2023 21 10 2023
5 B353X209 13 10 2023 14 3 2023
6 J166M459 26 1 2023 26 7 2023
7 I495M206 3 12 2023 3 7 2023
8 H466N286 27 1 2023 22 10 2023
9 D106R448 18 9 2023 21 12 2023
10 G222J305 17 11 2023 12 11 2023
11 K315M215 5 2 2023 17 10 2023
12 N299Y400 16 11 2023 18 11 2023
13 F386D136 8 1 2023 12 1 2023
14 Y196E227 25 8 2023 5 9 2023
15 K300D335 24 8 2023 27 7 2023
16 Z263D326 8 6 2023 13 12 2023
17 F228Q150 19 8 2023 23 3 2023
18 K181A461 12 2 2023 27 5 2023
19 X136E128 11 4 2023 4 10 2023
20 J281V473 19 3 2023 20 11 2023
21 W288N340 23 10 2023 13 12 2023
22 L430R381 28 12 2023 24 4 2023
23 N141K331 25 6 2023 21 11 2023
24 U383T107 25 7 2023 13 1 2023
25 M367R180 26 11 2023 25 7 2023
26 L496F278 9 7 2023 25 6 2023
27 U246F500 5 8 2023 18 1 2023
28 U391I267 20 9 2023 6 11 2023
29 V137C406 18 3 2023 6 1 2023
30 Y479K207 20 4 2023 22 10 2023
31 H177A176 28 3 2023 23 2 2023
32 P170V163 28 4 2023 7 2 2023
33 Q379U379 22 9 2023 18 1 2023
34 F227S147 22 7 2023 16 8 2023
35 S157E294 25 10 2023 16 9 2023
36 D311I335 15 6 2023 8 5 2023
37 L290K211 3 5 2023 8 9 2023
38 N392S478 13 12 2023 10 6 2023
39 R261P495 5 9 2023 10 7 2023
40 V105H357 16 12 2023 8 12 2023
41 V378L427 1 2 2023 20 9 2023
42 P401Z378 8 10 2023 5 1 2023
43 C165X413 21 6 2023 1 8 2023
44 B318K186 11 8 2023 19 9 2023
45 H427J375 9 1 2023 3 7 2023
46 F122B164 21 4 2023 2 6 2023
47 N279D214 24 9 2023 17 9 2023
48 B495O100 24 1 2023 11 6 2023
49 T372N114 4 12 2023 6 5 2023
